{
 "cells": [
  {
   "cell_type": "code",
   "execution_count": 2,
   "metadata": {
    "collapsed": false
   },
   "outputs": [],
   "source": [
    "import pandas as pd \n",
    "import matplotlib as mpl\n",
    "import matplotlib.pyplot as plt\n",
    "import matplotlib\n",
    "import numpy as np\n",
    "from matplotlib import cm as cm\n",
    "import seaborn as sns\n"
   ]
  },
  {
   "cell_type": "code",
   "execution_count": 22,
   "metadata": {
    "collapsed": false
   },
   "outputs": [
    {
     "data": {
      "text/html": [
       "<div>\n",
       "<table border=\"1\" class=\"dataframe\">\n",
       "  <thead>\n",
       "    <tr style=\"text-align: right;\">\n",
       "      <th></th>\n",
       "      <th>GP</th>\n",
       "      <th>Poss</th>\n",
       "      <th>PPP</th>\n",
       "      <th>PTS</th>\n",
       "      <th>FGM</th>\n",
       "      <th>FGA</th>\n",
       "      <th>FG%</th>\n",
       "      <th>eFG%</th>\n",
       "      <th>Percentile</th>\n",
       "    </tr>\n",
       "  </thead>\n",
       "  <tbody>\n",
       "    <tr>\n",
       "      <th>GP</th>\n",
       "      <td>1.000000</td>\n",
       "      <td>0.389107</td>\n",
       "      <td>0.056238</td>\n",
       "      <td>0.393682</td>\n",
       "      <td>0.396464</td>\n",
       "      <td>0.395104</td>\n",
       "      <td>0.081757</td>\n",
       "      <td>0.081757</td>\n",
       "      <td>0.064335</td>\n",
       "    </tr>\n",
       "    <tr>\n",
       "      <th>Poss</th>\n",
       "      <td>0.389107</td>\n",
       "      <td>1.000000</td>\n",
       "      <td>-0.017292</td>\n",
       "      <td>0.984899</td>\n",
       "      <td>0.978423</td>\n",
       "      <td>0.994959</td>\n",
       "      <td>0.008144</td>\n",
       "      <td>0.008144</td>\n",
       "      <td>-0.011183</td>\n",
       "    </tr>\n",
       "    <tr>\n",
       "      <th>PPP</th>\n",
       "      <td>0.056238</td>\n",
       "      <td>-0.017292</td>\n",
       "      <td>1.000000</td>\n",
       "      <td>0.104373</td>\n",
       "      <td>0.105232</td>\n",
       "      <td>-0.012346</td>\n",
       "      <td>0.921278</td>\n",
       "      <td>0.921278</td>\n",
       "      <td>0.968674</td>\n",
       "    </tr>\n",
       "    <tr>\n",
       "      <th>PTS</th>\n",
       "      <td>0.393682</td>\n",
       "      <td>0.984899</td>\n",
       "      <td>0.104373</td>\n",
       "      <td>1.000000</td>\n",
       "      <td>0.994190</td>\n",
       "      <td>0.981649</td>\n",
       "      <td>0.118224</td>\n",
       "      <td>0.118224</td>\n",
       "      <td>0.119929</td>\n",
       "    </tr>\n",
       "    <tr>\n",
       "      <th>FGM</th>\n",
       "      <td>0.396464</td>\n",
       "      <td>0.978423</td>\n",
       "      <td>0.105232</td>\n",
       "      <td>0.994190</td>\n",
       "      <td>1.000000</td>\n",
       "      <td>0.983404</td>\n",
       "      <td>0.133122</td>\n",
       "      <td>0.133122</td>\n",
       "      <td>0.120562</td>\n",
       "    </tr>\n",
       "    <tr>\n",
       "      <th>FGA</th>\n",
       "      <td>0.395104</td>\n",
       "      <td>0.994959</td>\n",
       "      <td>-0.012346</td>\n",
       "      <td>0.981649</td>\n",
       "      <td>0.983404</td>\n",
       "      <td>1.000000</td>\n",
       "      <td>0.007906</td>\n",
       "      <td>0.007906</td>\n",
       "      <td>-0.005231</td>\n",
       "    </tr>\n",
       "    <tr>\n",
       "      <th>FG%</th>\n",
       "      <td>0.081757</td>\n",
       "      <td>0.008144</td>\n",
       "      <td>0.921278</td>\n",
       "      <td>0.118224</td>\n",
       "      <td>0.133122</td>\n",
       "      <td>0.007906</td>\n",
       "      <td>1.000000</td>\n",
       "      <td>1.000000</td>\n",
       "      <td>0.889507</td>\n",
       "    </tr>\n",
       "    <tr>\n",
       "      <th>eFG%</th>\n",
       "      <td>0.081757</td>\n",
       "      <td>0.008144</td>\n",
       "      <td>0.921278</td>\n",
       "      <td>0.118224</td>\n",
       "      <td>0.133122</td>\n",
       "      <td>0.007906</td>\n",
       "      <td>1.000000</td>\n",
       "      <td>1.000000</td>\n",
       "      <td>0.889507</td>\n",
       "    </tr>\n",
       "    <tr>\n",
       "      <th>Percentile</th>\n",
       "      <td>0.064335</td>\n",
       "      <td>-0.011183</td>\n",
       "      <td>0.968674</td>\n",
       "      <td>0.119929</td>\n",
       "      <td>0.120562</td>\n",
       "      <td>-0.005231</td>\n",
       "      <td>0.889507</td>\n",
       "      <td>0.889507</td>\n",
       "      <td>1.000000</td>\n",
       "    </tr>\n",
       "  </tbody>\n",
       "</table>\n",
       "</div>"
      ],
      "text/plain": [
       "                  GP      Poss       PPP       PTS       FGM       FGA  \\\n",
       "GP          1.000000  0.389107  0.056238  0.393682  0.396464  0.395104   \n",
       "Poss        0.389107  1.000000 -0.017292  0.984899  0.978423  0.994959   \n",
       "PPP         0.056238 -0.017292  1.000000  0.104373  0.105232 -0.012346   \n",
       "PTS         0.393682  0.984899  0.104373  1.000000  0.994190  0.981649   \n",
       "FGM         0.396464  0.978423  0.105232  0.994190  1.000000  0.983404   \n",
       "FGA         0.395104  0.994959 -0.012346  0.981649  0.983404  1.000000   \n",
       "FG%         0.081757  0.008144  0.921278  0.118224  0.133122  0.007906   \n",
       "eFG%        0.081757  0.008144  0.921278  0.118224  0.133122  0.007906   \n",
       "Percentile  0.064335 -0.011183  0.968674  0.119929  0.120562 -0.005231   \n",
       "\n",
       "                 FG%      eFG%  Percentile  \n",
       "GP          0.081757  0.081757    0.064335  \n",
       "Poss        0.008144  0.008144   -0.011183  \n",
       "PPP         0.921278  0.921278    0.968674  \n",
       "PTS         0.118224  0.118224    0.119929  \n",
       "FGM         0.133122  0.133122    0.120562  \n",
       "FGA         0.007906  0.007906   -0.005231  \n",
       "FG%         1.000000  1.000000    0.889507  \n",
       "eFG%        1.000000  1.000000    0.889507  \n",
       "Percentile  0.889507  0.889507    1.000000  "
      ]
     },
     "execution_count": 22,
     "metadata": {},
     "output_type": "execute_result"
    }
   ],
   "source": [
    "player_cut = pd.read_csv('Player - Cut.csv')\n",
    "frame = pd.DataFrame(player_cut, columns=['Team', 'GP', 'Poss', 'Freq', 'PPP', 'PTS', 'FGM', 'FGA', 'FG%', 'eFG%', 'FT Freq', 'TO Freq', 'SF Freq', 'And One Freq', 'Score Freq', 'Percentile' ])\n",
    "frame.corr()"
   ]
  },
  {
   "cell_type": "code",
   "execution_count": 25,
   "metadata": {
    "collapsed": false
   },
   "outputs": [
    {
     "data": {
      "text/html": [
       "<div>\n",
       "<table border=\"1\" class=\"dataframe\">\n",
       "  <thead>\n",
       "    <tr style=\"text-align: right;\">\n",
       "      <th></th>\n",
       "      <th>GP</th>\n",
       "      <th>Poss</th>\n",
       "      <th>PPP</th>\n",
       "      <th>PTS</th>\n",
       "      <th>FGM</th>\n",
       "      <th>FGA</th>\n",
       "      <th>FG%</th>\n",
       "      <th>eFG%</th>\n",
       "      <th>FT Freq</th>\n",
       "      <th>TO Freq</th>\n",
       "      <th>SF Freq</th>\n",
       "      <th>And One Freq</th>\n",
       "      <th>Score Freq</th>\n",
       "      <th>Percentile</th>\n",
       "    </tr>\n",
       "  </thead>\n",
       "  <tbody>\n",
       "    <tr>\n",
       "      <th>GP</th>\n",
       "      <td>1.000000</td>\n",
       "      <td>0.436840</td>\n",
       "      <td>0.019794</td>\n",
       "      <td>0.422592</td>\n",
       "      <td>0.419502</td>\n",
       "      <td>0.433034</td>\n",
       "      <td>-0.002375</td>\n",
       "      <td>0.016772</td>\n",
       "      <td>NaN</td>\n",
       "      <td>NaN</td>\n",
       "      <td>NaN</td>\n",
       "      <td>NaN</td>\n",
       "      <td>NaN</td>\n",
       "      <td>0.048207</td>\n",
       "    </tr>\n",
       "    <tr>\n",
       "      <th>Poss</th>\n",
       "      <td>0.436840</td>\n",
       "      <td>1.000000</td>\n",
       "      <td>0.109495</td>\n",
       "      <td>0.972113</td>\n",
       "      <td>0.963884</td>\n",
       "      <td>0.993153</td>\n",
       "      <td>0.062143</td>\n",
       "      <td>0.095724</td>\n",
       "      <td>NaN</td>\n",
       "      <td>NaN</td>\n",
       "      <td>NaN</td>\n",
       "      <td>NaN</td>\n",
       "      <td>NaN</td>\n",
       "      <td>0.150998</td>\n",
       "    </tr>\n",
       "    <tr>\n",
       "      <th>PPP</th>\n",
       "      <td>0.019794</td>\n",
       "      <td>0.109495</td>\n",
       "      <td>1.000000</td>\n",
       "      <td>0.290913</td>\n",
       "      <td>0.281848</td>\n",
       "      <td>0.116145</td>\n",
       "      <td>0.882368</td>\n",
       "      <td>0.922269</td>\n",
       "      <td>NaN</td>\n",
       "      <td>NaN</td>\n",
       "      <td>NaN</td>\n",
       "      <td>NaN</td>\n",
       "      <td>NaN</td>\n",
       "      <td>0.961721</td>\n",
       "    </tr>\n",
       "    <tr>\n",
       "      <th>PTS</th>\n",
       "      <td>0.422592</td>\n",
       "      <td>0.972113</td>\n",
       "      <td>0.290913</td>\n",
       "      <td>1.000000</td>\n",
       "      <td>0.985988</td>\n",
       "      <td>0.966490</td>\n",
       "      <td>0.222194</td>\n",
       "      <td>0.264300</td>\n",
       "      <td>NaN</td>\n",
       "      <td>NaN</td>\n",
       "      <td>NaN</td>\n",
       "      <td>NaN</td>\n",
       "      <td>NaN</td>\n",
       "      <td>0.342677</td>\n",
       "    </tr>\n",
       "    <tr>\n",
       "      <th>FGM</th>\n",
       "      <td>0.419502</td>\n",
       "      <td>0.963884</td>\n",
       "      <td>0.281848</td>\n",
       "      <td>0.985988</td>\n",
       "      <td>1.000000</td>\n",
       "      <td>0.969662</td>\n",
       "      <td>0.255899</td>\n",
       "      <td>0.277747</td>\n",
       "      <td>NaN</td>\n",
       "      <td>NaN</td>\n",
       "      <td>NaN</td>\n",
       "      <td>NaN</td>\n",
       "      <td>NaN</td>\n",
       "      <td>0.329964</td>\n",
       "    </tr>\n",
       "    <tr>\n",
       "      <th>FGA</th>\n",
       "      <td>0.433034</td>\n",
       "      <td>0.993153</td>\n",
       "      <td>0.116145</td>\n",
       "      <td>0.966490</td>\n",
       "      <td>0.969662</td>\n",
       "      <td>1.000000</td>\n",
       "      <td>0.060197</td>\n",
       "      <td>0.094280</td>\n",
       "      <td>NaN</td>\n",
       "      <td>NaN</td>\n",
       "      <td>NaN</td>\n",
       "      <td>NaN</td>\n",
       "      <td>NaN</td>\n",
       "      <td>0.156414</td>\n",
       "    </tr>\n",
       "    <tr>\n",
       "      <th>FG%</th>\n",
       "      <td>-0.002375</td>\n",
       "      <td>0.062143</td>\n",
       "      <td>0.882368</td>\n",
       "      <td>0.222194</td>\n",
       "      <td>0.255899</td>\n",
       "      <td>0.060197</td>\n",
       "      <td>1.000000</td>\n",
       "      <td>0.948938</td>\n",
       "      <td>NaN</td>\n",
       "      <td>NaN</td>\n",
       "      <td>NaN</td>\n",
       "      <td>NaN</td>\n",
       "      <td>NaN</td>\n",
       "      <td>0.839060</td>\n",
       "    </tr>\n",
       "    <tr>\n",
       "      <th>eFG%</th>\n",
       "      <td>0.016772</td>\n",
       "      <td>0.095724</td>\n",
       "      <td>0.922269</td>\n",
       "      <td>0.264300</td>\n",
       "      <td>0.277747</td>\n",
       "      <td>0.094280</td>\n",
       "      <td>0.948938</td>\n",
       "      <td>1.000000</td>\n",
       "      <td>NaN</td>\n",
       "      <td>NaN</td>\n",
       "      <td>NaN</td>\n",
       "      <td>NaN</td>\n",
       "      <td>NaN</td>\n",
       "      <td>0.881723</td>\n",
       "    </tr>\n",
       "    <tr>\n",
       "      <th>FT Freq</th>\n",
       "      <td>NaN</td>\n",
       "      <td>NaN</td>\n",
       "      <td>NaN</td>\n",
       "      <td>NaN</td>\n",
       "      <td>NaN</td>\n",
       "      <td>NaN</td>\n",
       "      <td>NaN</td>\n",
       "      <td>NaN</td>\n",
       "      <td>NaN</td>\n",
       "      <td>NaN</td>\n",
       "      <td>NaN</td>\n",
       "      <td>NaN</td>\n",
       "      <td>NaN</td>\n",
       "      <td>NaN</td>\n",
       "    </tr>\n",
       "    <tr>\n",
       "      <th>TO Freq</th>\n",
       "      <td>NaN</td>\n",
       "      <td>NaN</td>\n",
       "      <td>NaN</td>\n",
       "      <td>NaN</td>\n",
       "      <td>NaN</td>\n",
       "      <td>NaN</td>\n",
       "      <td>NaN</td>\n",
       "      <td>NaN</td>\n",
       "      <td>NaN</td>\n",
       "      <td>NaN</td>\n",
       "      <td>NaN</td>\n",
       "      <td>NaN</td>\n",
       "      <td>NaN</td>\n",
       "      <td>NaN</td>\n",
       "    </tr>\n",
       "    <tr>\n",
       "      <th>SF Freq</th>\n",
       "      <td>NaN</td>\n",
       "      <td>NaN</td>\n",
       "      <td>NaN</td>\n",
       "      <td>NaN</td>\n",
       "      <td>NaN</td>\n",
       "      <td>NaN</td>\n",
       "      <td>NaN</td>\n",
       "      <td>NaN</td>\n",
       "      <td>NaN</td>\n",
       "      <td>NaN</td>\n",
       "      <td>NaN</td>\n",
       "      <td>NaN</td>\n",
       "      <td>NaN</td>\n",
       "      <td>NaN</td>\n",
       "    </tr>\n",
       "    <tr>\n",
       "      <th>And One Freq</th>\n",
       "      <td>NaN</td>\n",
       "      <td>NaN</td>\n",
       "      <td>NaN</td>\n",
       "      <td>NaN</td>\n",
       "      <td>NaN</td>\n",
       "      <td>NaN</td>\n",
       "      <td>NaN</td>\n",
       "      <td>NaN</td>\n",
       "      <td>NaN</td>\n",
       "      <td>NaN</td>\n",
       "      <td>NaN</td>\n",
       "      <td>NaN</td>\n",
       "      <td>NaN</td>\n",
       "      <td>NaN</td>\n",
       "    </tr>\n",
       "    <tr>\n",
       "      <th>Score Freq</th>\n",
       "      <td>NaN</td>\n",
       "      <td>NaN</td>\n",
       "      <td>NaN</td>\n",
       "      <td>NaN</td>\n",
       "      <td>NaN</td>\n",
       "      <td>NaN</td>\n",
       "      <td>NaN</td>\n",
       "      <td>NaN</td>\n",
       "      <td>NaN</td>\n",
       "      <td>NaN</td>\n",
       "      <td>NaN</td>\n",
       "      <td>NaN</td>\n",
       "      <td>NaN</td>\n",
       "      <td>NaN</td>\n",
       "    </tr>\n",
       "    <tr>\n",
       "      <th>Percentile</th>\n",
       "      <td>0.048207</td>\n",
       "      <td>0.150998</td>\n",
       "      <td>0.961721</td>\n",
       "      <td>0.342677</td>\n",
       "      <td>0.329964</td>\n",
       "      <td>0.156414</td>\n",
       "      <td>0.839060</td>\n",
       "      <td>0.881723</td>\n",
       "      <td>NaN</td>\n",
       "      <td>NaN</td>\n",
       "      <td>NaN</td>\n",
       "      <td>NaN</td>\n",
       "      <td>NaN</td>\n",
       "      <td>1.000000</td>\n",
       "    </tr>\n",
       "  </tbody>\n",
       "</table>\n",
       "</div>"
      ],
      "text/plain": [
       "                    GP      Poss       PPP       PTS       FGM       FGA  \\\n",
       "GP            1.000000  0.436840  0.019794  0.422592  0.419502  0.433034   \n",
       "Poss          0.436840  1.000000  0.109495  0.972113  0.963884  0.993153   \n",
       "PPP           0.019794  0.109495  1.000000  0.290913  0.281848  0.116145   \n",
       "PTS           0.422592  0.972113  0.290913  1.000000  0.985988  0.966490   \n",
       "FGM           0.419502  0.963884  0.281848  0.985988  1.000000  0.969662   \n",
       "FGA           0.433034  0.993153  0.116145  0.966490  0.969662  1.000000   \n",
       "FG%          -0.002375  0.062143  0.882368  0.222194  0.255899  0.060197   \n",
       "eFG%          0.016772  0.095724  0.922269  0.264300  0.277747  0.094280   \n",
       "FT Freq            NaN       NaN       NaN       NaN       NaN       NaN   \n",
       "TO Freq            NaN       NaN       NaN       NaN       NaN       NaN   \n",
       "SF Freq            NaN       NaN       NaN       NaN       NaN       NaN   \n",
       "And One Freq       NaN       NaN       NaN       NaN       NaN       NaN   \n",
       "Score Freq         NaN       NaN       NaN       NaN       NaN       NaN   \n",
       "Percentile    0.048207  0.150998  0.961721  0.342677  0.329964  0.156414   \n",
       "\n",
       "                   FG%      eFG%  FT Freq  TO Freq  SF Freq  And One Freq  \\\n",
       "GP           -0.002375  0.016772      NaN      NaN      NaN           NaN   \n",
       "Poss          0.062143  0.095724      NaN      NaN      NaN           NaN   \n",
       "PPP           0.882368  0.922269      NaN      NaN      NaN           NaN   \n",
       "PTS           0.222194  0.264300      NaN      NaN      NaN           NaN   \n",
       "FGM           0.255899  0.277747      NaN      NaN      NaN           NaN   \n",
       "FGA           0.060197  0.094280      NaN      NaN      NaN           NaN   \n",
       "FG%           1.000000  0.948938      NaN      NaN      NaN           NaN   \n",
       "eFG%          0.948938  1.000000      NaN      NaN      NaN           NaN   \n",
       "FT Freq            NaN       NaN      NaN      NaN      NaN           NaN   \n",
       "TO Freq            NaN       NaN      NaN      NaN      NaN           NaN   \n",
       "SF Freq            NaN       NaN      NaN      NaN      NaN           NaN   \n",
       "And One Freq       NaN       NaN      NaN      NaN      NaN           NaN   \n",
       "Score Freq         NaN       NaN      NaN      NaN      NaN           NaN   \n",
       "Percentile    0.839060  0.881723      NaN      NaN      NaN           NaN   \n",
       "\n",
       "              Score Freq  Percentile  \n",
       "GP                   NaN    0.048207  \n",
       "Poss                 NaN    0.150998  \n",
       "PPP                  NaN    0.961721  \n",
       "PTS                  NaN    0.342677  \n",
       "FGM                  NaN    0.329964  \n",
       "FGA                  NaN    0.156414  \n",
       "FG%                  NaN    0.839060  \n",
       "eFG%                 NaN    0.881723  \n",
       "FT Freq              NaN         NaN  \n",
       "TO Freq              NaN         NaN  \n",
       "SF Freq              NaN         NaN  \n",
       "And One Freq         NaN         NaN  \n",
       "Score Freq           NaN         NaN  \n",
       "Percentile           NaN    1.000000  "
      ]
     },
     "execution_count": 25,
     "metadata": {},
     "output_type": "execute_result"
    }
   ],
   "source": [
    "player_hand_off = pd.read_csv('Player - Hand Off.csv')\n",
    "frame = pd.DataFrame(player_hand_off, columns=['Team', 'GP', 'Poss', 'Freq', 'PPP', 'PTS', 'FGM', 'FGA', 'FG%', 'eFG%', 'FT Freq', 'TO Freq', 'SF Freq', 'And One Freq', 'Score Freq', 'Percentile' ])\n",
    "frame.corr()"
   ]
  },
  {
   "cell_type": "code",
   "execution_count": 24,
   "metadata": {
    "collapsed": false
   },
   "outputs": [
    {
     "data": {
      "text/html": [
       "<div>\n",
       "<table border=\"1\" class=\"dataframe\">\n",
       "  <thead>\n",
       "    <tr style=\"text-align: right;\">\n",
       "      <th></th>\n",
       "      <th>GP</th>\n",
       "      <th>Poss</th>\n",
       "      <th>PPP</th>\n",
       "      <th>PTS</th>\n",
       "      <th>FGM</th>\n",
       "      <th>FGA</th>\n",
       "      <th>FG%</th>\n",
       "      <th>eFG%</th>\n",
       "      <th>Percentile</th>\n",
       "    </tr>\n",
       "  </thead>\n",
       "  <tbody>\n",
       "    <tr>\n",
       "      <th>GP</th>\n",
       "      <td>1.000000</td>\n",
       "      <td>0.311074</td>\n",
       "      <td>0.025824</td>\n",
       "      <td>0.294350</td>\n",
       "      <td>0.300743</td>\n",
       "      <td>0.311082</td>\n",
       "      <td>0.022183</td>\n",
       "      <td>0.029439</td>\n",
       "      <td>0.048106</td>\n",
       "    </tr>\n",
       "    <tr>\n",
       "      <th>Poss</th>\n",
       "      <td>0.311074</td>\n",
       "      <td>1.000000</td>\n",
       "      <td>0.184172</td>\n",
       "      <td>0.985973</td>\n",
       "      <td>0.977917</td>\n",
       "      <td>0.996585</td>\n",
       "      <td>0.104993</td>\n",
       "      <td>0.107496</td>\n",
       "      <td>0.206957</td>\n",
       "    </tr>\n",
       "    <tr>\n",
       "      <th>PPP</th>\n",
       "      <td>0.025824</td>\n",
       "      <td>0.184172</td>\n",
       "      <td>1.000000</td>\n",
       "      <td>0.283440</td>\n",
       "      <td>0.286114</td>\n",
       "      <td>0.185825</td>\n",
       "      <td>0.842052</td>\n",
       "      <td>0.883046</td>\n",
       "      <td>0.948845</td>\n",
       "    </tr>\n",
       "    <tr>\n",
       "      <th>PTS</th>\n",
       "      <td>0.294350</td>\n",
       "      <td>0.985973</td>\n",
       "      <td>0.283440</td>\n",
       "      <td>1.000000</td>\n",
       "      <td>0.987517</td>\n",
       "      <td>0.981985</td>\n",
       "      <td>0.185213</td>\n",
       "      <td>0.193042</td>\n",
       "      <td>0.315896</td>\n",
       "    </tr>\n",
       "    <tr>\n",
       "      <th>FGM</th>\n",
       "      <td>0.300743</td>\n",
       "      <td>0.977917</td>\n",
       "      <td>0.286114</td>\n",
       "      <td>0.987517</td>\n",
       "      <td>1.000000</td>\n",
       "      <td>0.982535</td>\n",
       "      <td>0.229995</td>\n",
       "      <td>0.226311</td>\n",
       "      <td>0.315805</td>\n",
       "    </tr>\n",
       "    <tr>\n",
       "      <th>FGA</th>\n",
       "      <td>0.311082</td>\n",
       "      <td>0.996585</td>\n",
       "      <td>0.185825</td>\n",
       "      <td>0.981985</td>\n",
       "      <td>0.982535</td>\n",
       "      <td>1.000000</td>\n",
       "      <td>0.111190</td>\n",
       "      <td>0.115032</td>\n",
       "      <td>0.206755</td>\n",
       "    </tr>\n",
       "    <tr>\n",
       "      <th>FG%</th>\n",
       "      <td>0.022183</td>\n",
       "      <td>0.104993</td>\n",
       "      <td>0.842052</td>\n",
       "      <td>0.185213</td>\n",
       "      <td>0.229995</td>\n",
       "      <td>0.111190</td>\n",
       "      <td>1.000000</td>\n",
       "      <td>0.966598</td>\n",
       "      <td>0.805997</td>\n",
       "    </tr>\n",
       "    <tr>\n",
       "      <th>eFG%</th>\n",
       "      <td>0.029439</td>\n",
       "      <td>0.107496</td>\n",
       "      <td>0.883046</td>\n",
       "      <td>0.193042</td>\n",
       "      <td>0.226311</td>\n",
       "      <td>0.115032</td>\n",
       "      <td>0.966598</td>\n",
       "      <td>1.000000</td>\n",
       "      <td>0.836389</td>\n",
       "    </tr>\n",
       "    <tr>\n",
       "      <th>Percentile</th>\n",
       "      <td>0.048106</td>\n",
       "      <td>0.206957</td>\n",
       "      <td>0.948845</td>\n",
       "      <td>0.315896</td>\n",
       "      <td>0.315805</td>\n",
       "      <td>0.206755</td>\n",
       "      <td>0.805997</td>\n",
       "      <td>0.836389</td>\n",
       "      <td>1.000000</td>\n",
       "    </tr>\n",
       "  </tbody>\n",
       "</table>\n",
       "</div>"
      ],
      "text/plain": [
       "                  GP      Poss       PPP       PTS       FGM       FGA  \\\n",
       "GP          1.000000  0.311074  0.025824  0.294350  0.300743  0.311082   \n",
       "Poss        0.311074  1.000000  0.184172  0.985973  0.977917  0.996585   \n",
       "PPP         0.025824  0.184172  1.000000  0.283440  0.286114  0.185825   \n",
       "PTS         0.294350  0.985973  0.283440  1.000000  0.987517  0.981985   \n",
       "FGM         0.300743  0.977917  0.286114  0.987517  1.000000  0.982535   \n",
       "FGA         0.311082  0.996585  0.185825  0.981985  0.982535  1.000000   \n",
       "FG%         0.022183  0.104993  0.842052  0.185213  0.229995  0.111190   \n",
       "eFG%        0.029439  0.107496  0.883046  0.193042  0.226311  0.115032   \n",
       "Percentile  0.048106  0.206957  0.948845  0.315896  0.315805  0.206755   \n",
       "\n",
       "                 FG%      eFG%  Percentile  \n",
       "GP          0.022183  0.029439    0.048106  \n",
       "Poss        0.104993  0.107496    0.206957  \n",
       "PPP         0.842052  0.883046    0.948845  \n",
       "PTS         0.185213  0.193042    0.315896  \n",
       "FGM         0.229995  0.226311    0.315805  \n",
       "FGA         0.111190  0.115032    0.206755  \n",
       "FG%         1.000000  0.966598    0.805997  \n",
       "eFG%        0.966598  1.000000    0.836389  \n",
       "Percentile  0.805997  0.836389    1.000000  "
      ]
     },
     "execution_count": 24,
     "metadata": {},
     "output_type": "execute_result"
    }
   ],
   "source": [
    "player_isolation = pd.read_csv('Player - Isolation.csv')\n",
    "frame = pd.DataFrame(player_isolation, columns=['Team', 'GP', 'Poss', 'Freq', 'PPP', 'PTS', 'FGM', 'FGA', 'FG%', 'eFG%', 'FT Freq', 'TO Freq', 'SF Freq', 'And One Freq', 'Score Freq', 'Percentile' ])\n",
    "frame.corr()"
   ]
  },
  {
   "cell_type": "code",
   "execution_count": 26,
   "metadata": {
    "collapsed": false
   },
   "outputs": [
    {
     "data": {
      "text/html": [
       "<div>\n",
       "<table border=\"1\" class=\"dataframe\">\n",
       "  <thead>\n",
       "    <tr style=\"text-align: right;\">\n",
       "      <th></th>\n",
       "      <th>GP</th>\n",
       "      <th>Poss</th>\n",
       "      <th>PPP</th>\n",
       "      <th>PTS</th>\n",
       "      <th>FGM</th>\n",
       "      <th>FGA</th>\n",
       "      <th>FG%</th>\n",
       "      <th>eFG%</th>\n",
       "      <th>Percentile</th>\n",
       "    </tr>\n",
       "  </thead>\n",
       "  <tbody>\n",
       "    <tr>\n",
       "      <th>GP</th>\n",
       "      <td>1.000000</td>\n",
       "      <td>0.317631</td>\n",
       "      <td>0.123674</td>\n",
       "      <td>0.300174</td>\n",
       "      <td>0.301208</td>\n",
       "      <td>0.319185</td>\n",
       "      <td>0.068832</td>\n",
       "      <td>0.075313</td>\n",
       "      <td>0.136755</td>\n",
       "    </tr>\n",
       "    <tr>\n",
       "      <th>Poss</th>\n",
       "      <td>0.317631</td>\n",
       "      <td>1.000000</td>\n",
       "      <td>0.158662</td>\n",
       "      <td>0.988451</td>\n",
       "      <td>0.987551</td>\n",
       "      <td>0.997649</td>\n",
       "      <td>0.086509</td>\n",
       "      <td>0.136562</td>\n",
       "      <td>0.203900</td>\n",
       "    </tr>\n",
       "    <tr>\n",
       "      <th>PPP</th>\n",
       "      <td>0.123674</td>\n",
       "      <td>0.158662</td>\n",
       "      <td>1.000000</td>\n",
       "      <td>0.249323</td>\n",
       "      <td>0.243508</td>\n",
       "      <td>0.164314</td>\n",
       "      <td>0.883979</td>\n",
       "      <td>0.939240</td>\n",
       "      <td>0.951378</td>\n",
       "    </tr>\n",
       "    <tr>\n",
       "      <th>PTS</th>\n",
       "      <td>0.300174</td>\n",
       "      <td>0.988451</td>\n",
       "      <td>0.249323</td>\n",
       "      <td>1.000000</td>\n",
       "      <td>0.994754</td>\n",
       "      <td>0.988429</td>\n",
       "      <td>0.163150</td>\n",
       "      <td>0.223801</td>\n",
       "      <td>0.304079</td>\n",
       "    </tr>\n",
       "    <tr>\n",
       "      <th>FGM</th>\n",
       "      <td>0.301208</td>\n",
       "      <td>0.987551</td>\n",
       "      <td>0.243508</td>\n",
       "      <td>0.994754</td>\n",
       "      <td>1.000000</td>\n",
       "      <td>0.989624</td>\n",
       "      <td>0.185195</td>\n",
       "      <td>0.224571</td>\n",
       "      <td>0.294445</td>\n",
       "    </tr>\n",
       "    <tr>\n",
       "      <th>FGA</th>\n",
       "      <td>0.319185</td>\n",
       "      <td>0.997649</td>\n",
       "      <td>0.164314</td>\n",
       "      <td>0.988429</td>\n",
       "      <td>0.989624</td>\n",
       "      <td>1.000000</td>\n",
       "      <td>0.087192</td>\n",
       "      <td>0.140439</td>\n",
       "      <td>0.210291</td>\n",
       "    </tr>\n",
       "    <tr>\n",
       "      <th>FG%</th>\n",
       "      <td>0.068832</td>\n",
       "      <td>0.086509</td>\n",
       "      <td>0.883979</td>\n",
       "      <td>0.163150</td>\n",
       "      <td>0.185195</td>\n",
       "      <td>0.087192</td>\n",
       "      <td>1.000000</td>\n",
       "      <td>0.917773</td>\n",
       "      <td>0.812307</td>\n",
       "    </tr>\n",
       "    <tr>\n",
       "      <th>eFG%</th>\n",
       "      <td>0.075313</td>\n",
       "      <td>0.136562</td>\n",
       "      <td>0.939240</td>\n",
       "      <td>0.223801</td>\n",
       "      <td>0.224571</td>\n",
       "      <td>0.140439</td>\n",
       "      <td>0.917773</td>\n",
       "      <td>1.000000</td>\n",
       "      <td>0.887891</td>\n",
       "    </tr>\n",
       "    <tr>\n",
       "      <th>Percentile</th>\n",
       "      <td>0.136755</td>\n",
       "      <td>0.203900</td>\n",
       "      <td>0.951378</td>\n",
       "      <td>0.304079</td>\n",
       "      <td>0.294445</td>\n",
       "      <td>0.210291</td>\n",
       "      <td>0.812307</td>\n",
       "      <td>0.887891</td>\n",
       "      <td>1.000000</td>\n",
       "    </tr>\n",
       "  </tbody>\n",
       "</table>\n",
       "</div>"
      ],
      "text/plain": [
       "                  GP      Poss       PPP       PTS       FGM       FGA  \\\n",
       "GP          1.000000  0.317631  0.123674  0.300174  0.301208  0.319185   \n",
       "Poss        0.317631  1.000000  0.158662  0.988451  0.987551  0.997649   \n",
       "PPP         0.123674  0.158662  1.000000  0.249323  0.243508  0.164314   \n",
       "PTS         0.300174  0.988451  0.249323  1.000000  0.994754  0.988429   \n",
       "FGM         0.301208  0.987551  0.243508  0.994754  1.000000  0.989624   \n",
       "FGA         0.319185  0.997649  0.164314  0.988429  0.989624  1.000000   \n",
       "FG%         0.068832  0.086509  0.883979  0.163150  0.185195  0.087192   \n",
       "eFG%        0.075313  0.136562  0.939240  0.223801  0.224571  0.140439   \n",
       "Percentile  0.136755  0.203900  0.951378  0.304079  0.294445  0.210291   \n",
       "\n",
       "                 FG%      eFG%  Percentile  \n",
       "GP          0.068832  0.075313    0.136755  \n",
       "Poss        0.086509  0.136562    0.203900  \n",
       "PPP         0.883979  0.939240    0.951378  \n",
       "PTS         0.163150  0.223801    0.304079  \n",
       "FGM         0.185195  0.224571    0.294445  \n",
       "FGA         0.087192  0.140439    0.210291  \n",
       "FG%         1.000000  0.917773    0.812307  \n",
       "eFG%        0.917773  1.000000    0.887891  \n",
       "Percentile  0.812307  0.887891    1.000000  "
      ]
     },
     "execution_count": 26,
     "metadata": {},
     "output_type": "execute_result"
    }
   ],
   "source": [
    "player_off_screen = pd.read_csv('Player - Off Screens.csv')\n",
    "frame = pd.DataFrame(player_off_screen, columns=['Team', 'GP', 'Poss', 'Freq', 'PPP', 'PTS', 'FGM', 'FGA', 'FG%', 'eFG%', 'FT Freq', 'TO Freq', 'SF Freq', 'And One Freq', 'Score Freq', 'Percentile' ])\n",
    "frame.corr()"
   ]
  },
  {
   "cell_type": "code",
   "execution_count": 27,
   "metadata": {
    "collapsed": false
   },
   "outputs": [
    {
     "data": {
      "text/html": [
       "<div>\n",
       "<table border=\"1\" class=\"dataframe\">\n",
       "  <thead>\n",
       "    <tr style=\"text-align: right;\">\n",
       "      <th></th>\n",
       "      <th>GP</th>\n",
       "      <th>Poss</th>\n",
       "      <th>PPP</th>\n",
       "      <th>PTS</th>\n",
       "      <th>FGM</th>\n",
       "      <th>FGA</th>\n",
       "      <th>FG%</th>\n",
       "      <th>eFG%</th>\n",
       "      <th>Percentile</th>\n",
       "    </tr>\n",
       "  </thead>\n",
       "  <tbody>\n",
       "    <tr>\n",
       "      <th>GP</th>\n",
       "      <td>1.000000</td>\n",
       "      <td>0.417381</td>\n",
       "      <td>0.080844</td>\n",
       "      <td>0.400850</td>\n",
       "      <td>0.399935</td>\n",
       "      <td>0.413544</td>\n",
       "      <td>0.105212</td>\n",
       "      <td>0.092263</td>\n",
       "      <td>0.100311</td>\n",
       "    </tr>\n",
       "    <tr>\n",
       "      <th>Poss</th>\n",
       "      <td>0.417381</td>\n",
       "      <td>1.000000</td>\n",
       "      <td>0.232052</td>\n",
       "      <td>0.989600</td>\n",
       "      <td>0.987245</td>\n",
       "      <td>0.995846</td>\n",
       "      <td>0.192663</td>\n",
       "      <td>0.200850</td>\n",
       "      <td>0.293906</td>\n",
       "    </tr>\n",
       "    <tr>\n",
       "      <th>PPP</th>\n",
       "      <td>0.080844</td>\n",
       "      <td>0.232052</td>\n",
       "      <td>1.000000</td>\n",
       "      <td>0.290811</td>\n",
       "      <td>0.279539</td>\n",
       "      <td>0.239728</td>\n",
       "      <td>0.864636</td>\n",
       "      <td>0.894416</td>\n",
       "      <td>0.904242</td>\n",
       "    </tr>\n",
       "    <tr>\n",
       "      <th>PTS</th>\n",
       "      <td>0.400850</td>\n",
       "      <td>0.989600</td>\n",
       "      <td>0.290811</td>\n",
       "      <td>1.000000</td>\n",
       "      <td>0.990416</td>\n",
       "      <td>0.987716</td>\n",
       "      <td>0.232827</td>\n",
       "      <td>0.245456</td>\n",
       "      <td>0.367384</td>\n",
       "    </tr>\n",
       "    <tr>\n",
       "      <th>FGM</th>\n",
       "      <td>0.399935</td>\n",
       "      <td>0.987245</td>\n",
       "      <td>0.279539</td>\n",
       "      <td>0.990416</td>\n",
       "      <td>1.000000</td>\n",
       "      <td>0.993384</td>\n",
       "      <td>0.247438</td>\n",
       "      <td>0.249683</td>\n",
       "      <td>0.352041</td>\n",
       "    </tr>\n",
       "    <tr>\n",
       "      <th>FGA</th>\n",
       "      <td>0.413544</td>\n",
       "      <td>0.995846</td>\n",
       "      <td>0.239728</td>\n",
       "      <td>0.987716</td>\n",
       "      <td>0.993384</td>\n",
       "      <td>1.000000</td>\n",
       "      <td>0.196567</td>\n",
       "      <td>0.203853</td>\n",
       "      <td>0.303854</td>\n",
       "    </tr>\n",
       "    <tr>\n",
       "      <th>FG%</th>\n",
       "      <td>0.105212</td>\n",
       "      <td>0.192663</td>\n",
       "      <td>0.864636</td>\n",
       "      <td>0.232827</td>\n",
       "      <td>0.247438</td>\n",
       "      <td>0.196567</td>\n",
       "      <td>1.000000</td>\n",
       "      <td>0.960867</td>\n",
       "      <td>0.774530</td>\n",
       "    </tr>\n",
       "    <tr>\n",
       "      <th>eFG%</th>\n",
       "      <td>0.092263</td>\n",
       "      <td>0.200850</td>\n",
       "      <td>0.894416</td>\n",
       "      <td>0.245456</td>\n",
       "      <td>0.249683</td>\n",
       "      <td>0.203853</td>\n",
       "      <td>0.960867</td>\n",
       "      <td>1.000000</td>\n",
       "      <td>0.782331</td>\n",
       "    </tr>\n",
       "    <tr>\n",
       "      <th>Percentile</th>\n",
       "      <td>0.100311</td>\n",
       "      <td>0.293906</td>\n",
       "      <td>0.904242</td>\n",
       "      <td>0.367384</td>\n",
       "      <td>0.352041</td>\n",
       "      <td>0.303854</td>\n",
       "      <td>0.774530</td>\n",
       "      <td>0.782331</td>\n",
       "      <td>1.000000</td>\n",
       "    </tr>\n",
       "  </tbody>\n",
       "</table>\n",
       "</div>"
      ],
      "text/plain": [
       "                  GP      Poss       PPP       PTS       FGM       FGA  \\\n",
       "GP          1.000000  0.417381  0.080844  0.400850  0.399935  0.413544   \n",
       "Poss        0.417381  1.000000  0.232052  0.989600  0.987245  0.995846   \n",
       "PPP         0.080844  0.232052  1.000000  0.290811  0.279539  0.239728   \n",
       "PTS         0.400850  0.989600  0.290811  1.000000  0.990416  0.987716   \n",
       "FGM         0.399935  0.987245  0.279539  0.990416  1.000000  0.993384   \n",
       "FGA         0.413544  0.995846  0.239728  0.987716  0.993384  1.000000   \n",
       "FG%         0.105212  0.192663  0.864636  0.232827  0.247438  0.196567   \n",
       "eFG%        0.092263  0.200850  0.894416  0.245456  0.249683  0.203853   \n",
       "Percentile  0.100311  0.293906  0.904242  0.367384  0.352041  0.303854   \n",
       "\n",
       "                 FG%      eFG%  Percentile  \n",
       "GP          0.105212  0.092263    0.100311  \n",
       "Poss        0.192663  0.200850    0.293906  \n",
       "PPP         0.864636  0.894416    0.904242  \n",
       "PTS         0.232827  0.245456    0.367384  \n",
       "FGM         0.247438  0.249683    0.352041  \n",
       "FGA         0.196567  0.203853    0.303854  \n",
       "FG%         1.000000  0.960867    0.774530  \n",
       "eFG%        0.960867  1.000000    0.782331  \n",
       "Percentile  0.774530  0.782331    1.000000  "
      ]
     },
     "execution_count": 27,
     "metadata": {},
     "output_type": "execute_result"
    }
   ],
   "source": [
    "player_pnr_bh = pd.read_csv('Player - PicknRoll Ball Handler.csv')\n",
    "frame = pd.DataFrame(player_pnr_bh, columns=['Team', 'GP', 'Poss', 'Freq', 'PPP', 'PTS', 'FGM', 'FGA', 'FG%', 'eFG%', 'FT Freq', 'TO Freq', 'SF Freq', 'And One Freq', 'Score Freq', 'Percentile' ])\n",
    "frame.corr()"
   ]
  },
  {
   "cell_type": "code",
   "execution_count": 28,
   "metadata": {
    "collapsed": false
   },
   "outputs": [
    {
     "data": {
      "text/html": [
       "<div>\n",
       "<table border=\"1\" class=\"dataframe\">\n",
       "  <thead>\n",
       "    <tr style=\"text-align: right;\">\n",
       "      <th></th>\n",
       "      <th>GP</th>\n",
       "      <th>Poss</th>\n",
       "      <th>PPP</th>\n",
       "      <th>PTS</th>\n",
       "      <th>FGM</th>\n",
       "      <th>FGA</th>\n",
       "      <th>FG%</th>\n",
       "      <th>eFG%</th>\n",
       "      <th>FT Freq</th>\n",
       "      <th>TO Freq</th>\n",
       "      <th>SF Freq</th>\n",
       "      <th>And One Freq</th>\n",
       "      <th>Score Freq</th>\n",
       "      <th>Percentile</th>\n",
       "    </tr>\n",
       "  </thead>\n",
       "  <tbody>\n",
       "    <tr>\n",
       "      <th>GP</th>\n",
       "      <td>1.000000</td>\n",
       "      <td>0.397887</td>\n",
       "      <td>0.064997</td>\n",
       "      <td>0.391149</td>\n",
       "      <td>0.377496</td>\n",
       "      <td>0.390412</td>\n",
       "      <td>-0.039116</td>\n",
       "      <td>0.018834</td>\n",
       "      <td>NaN</td>\n",
       "      <td>NaN</td>\n",
       "      <td>NaN</td>\n",
       "      <td>NaN</td>\n",
       "      <td>NaN</td>\n",
       "      <td>0.043325</td>\n",
       "    </tr>\n",
       "    <tr>\n",
       "      <th>Poss</th>\n",
       "      <td>0.397887</td>\n",
       "      <td>1.000000</td>\n",
       "      <td>0.108669</td>\n",
       "      <td>0.984236</td>\n",
       "      <td>0.976585</td>\n",
       "      <td>0.993593</td>\n",
       "      <td>0.180247</td>\n",
       "      <td>0.089979</td>\n",
       "      <td>NaN</td>\n",
       "      <td>NaN</td>\n",
       "      <td>NaN</td>\n",
       "      <td>NaN</td>\n",
       "      <td>NaN</td>\n",
       "      <td>0.137487</td>\n",
       "    </tr>\n",
       "    <tr>\n",
       "      <th>PPP</th>\n",
       "      <td>0.064997</td>\n",
       "      <td>0.108669</td>\n",
       "      <td>1.000000</td>\n",
       "      <td>0.224676</td>\n",
       "      <td>0.214769</td>\n",
       "      <td>0.098888</td>\n",
