{
 "cells": [
  {
   "cell_type": "code",
   "execution_count": 77,
   "metadata": {
    "collapsed": false
   },
   "outputs": [],
   "source": [
    "import pandas as pd \n",
    "import matplotlib as mpl\n",
    "import numpy as np\n",
    "from matplotlib import cm as cm\n",
    "import seaborn as sns\n",
    "%matplotlib inline\n",
    "from matplotlib import pyplot as plt\n",
    "sns.set_style(\"darkgrid\")\n",
    "import sklearn.linear_model\n",
    "import statsmodels.formula.api as smf\n"
   ]
  },
  {
   "cell_type": "code",
   "execution_count": 78,
   "metadata": {
    "collapsed": false
   },
   "outputs": [
    {
     "data": {
      "text/html": [
       "<div>\n",
       "<table border=\"1\" class=\"dataframe\">\n",
       "  <thead>\n",
       "    <tr style=\"text-align: right;\">\n",
       "      <th></th>\n",
       "      <th>GP</th>\n",
       "      <th>Poss</th>\n",
       "      <th>PPP</th>\n",
       "      <th>PTS</th>\n",
       "      <th>FGM</th>\n",
       "      <th>FGA</th>\n",
       "      <th>FG%</th>\n",
       "      <th>eFG%</th>\n",
       "      <th>Percentile</th>\n",
       "      <th>Standing</th>\n",
       "    </tr>\n",
       "  </thead>\n",
       "  <tbody>\n",
       "    <tr>\n",
       "      <th>GP</th>\n",
       "      <td>NaN</td>\n",
       "      <td>NaN</td>\n",
       "      <td>NaN</td>\n",
       "      <td>NaN</td>\n",
       "      <td>NaN</td>\n",
       "      <td>NaN</td>\n",
       "      <td>NaN</td>\n",
       "      <td>NaN</td>\n",
       "      <td>NaN</td>\n",
       "      <td>NaN</td>\n",
       "    </tr>\n",
       "    <tr>\n",
       "      <th>Poss</th>\n",
       "      <td>NaN</td>\n",
       "      <td>1.000000</td>\n",
       "      <td>-0.435676</td>\n",
       "      <td>0.967247</td>\n",
       "      <td>0.951118</td>\n",
       "      <td>0.990697</td>\n",
       "      <td>-0.297350</td>\n",
       "      <td>-0.297350</td>\n",
       "      <td>-0.457988</td>\n",
       "      <td>0.027478</td>\n",
       "    </tr>\n",
       "    <tr>\n",
       "      <th>PPP</th>\n",
       "      <td>NaN</td>\n",
       "      <td>-0.435676</td>\n",
       "      <td>1.000000</td>\n",
       "      <td>-0.195806</td>\n",
       "      <td>-0.170676</td>\n",
       "      <td>-0.415250</td>\n",
       "      <td>0.863955</td>\n",
       "      <td>0.863955</td>\n",
       "      <td>0.945450</td>\n",
       "      <td>0.524332</td>\n",
       "    </tr>\n",
       "    <tr>\n",
       "      <th>PTS</th>\n",
       "      <td>NaN</td>\n",
       "      <td>0.967247</td>\n",
       "      <td>-0.195806</td>\n",
       "      <td>1.000000</td>\n",
       "      <td>0.990367</td>\n",
       "      <td>0.964765</td>\n",
       "      <td>-0.087201</td>\n",
       "      <td>-0.087201</td>\n",
       "      <td>-0.233855</td>\n",
       "      <td>0.187299</td>\n",
       "    </tr>\n",
       "    <tr>\n",
       "      <th>FGM</th>\n",
       "      <td>NaN</td>\n",
       "      <td>0.951118</td>\n",
       "      <td>-0.170676</td>\n",
       "      <td>0.990367</td>\n",
       "      <td>1.000000</td>\n",
       "      <td>0.958450</td>\n",
       "      <td>-0.034571</td>\n",
       "      <td>-0.034571</td>\n",
       "      <td>-0.198471</td>\n",
       "      <td>0.246897</td>\n",
       "    </tr>\n",
       "    <tr>\n",
       "      <th>FGA</th>\n",
       "      <td>NaN</td>\n",
       "      <td>0.990697</td>\n",
       "      <td>-0.415250</td>\n",
       "      <td>0.964765</td>\n",
       "      <td>0.958450</td>\n",
       "      <td>1.000000</td>\n",
       "      <td>-0.314146</td>\n",
       "      <td>-0.314146</td>\n",
       "      <td>-0.430561</td>\n",
       "      <td>0.076982</td>\n",
       "    </tr>\n",
       "    <tr>\n",
       "      <th>FG%</th>\n",
       "      <td>NaN</td>\n",
       "      <td>-0.297350</td>\n",
       "      <td>0.863955</td>\n",
       "      <td>-0.087201</td>\n",
       "      <td>-0.034571</td>\n",
       "      <td>-0.314146</td>\n",
       "      <td>1.000000</td>\n",
       "      <td>1.000000</td>\n",
       "      <td>0.820913</td>\n",
       "      <td>0.497978</td>\n",
       "    </tr>\n",
       "    <tr>\n",
       "      <th>eFG%</th>\n",
       "      <td>NaN</td>\n",
       "      <td>-0.297350</td>\n",
       "      <td>0.863955</td>\n",
       "      <td>-0.087201</td>\n",
       "      <td>-0.034571</td>\n",
       "      <td>-0.314146</td>\n",
       "      <td>1.000000</td>\n",
       "      <td>1.000000</td>\n",
       "      <td>0.820913</td>\n",
       "      <td>0.497978</td>\n",
       "    </tr>\n",
       "    <tr>\n",
       "      <th>Percentile</th>\n",
       "      <td>NaN</td>\n",
       "      <td>-0.457988</td>\n",
       "      <td>0.945450</td>\n",
       "      <td>-0.233855</td>\n",
       "      <td>-0.198471</td>\n",
       "      <td>-0.430561</td>\n",
       "      <td>0.820913</td>\n",
       "      <td>0.820913</td>\n",
       "      <td>1.000000</td>\n",
       "      <td>0.560021</td>\n",
       "    </tr>\n",
       "    <tr>\n",
       "      <th>Standing</th>\n",
       "      <td>NaN</td>\n",
       "      <td>0.027478</td>\n",
       "      <td>0.524332</td>\n",
       "      <td>0.187299</td>\n",
       "      <td>0.246897</td>\n",
       "      <td>0.076982</td>\n",
       "      <td>0.497978</td>\n",
       "      <td>0.497978</td>\n",
       "      <td>0.560021</td>\n",
       "      <td>1.000000</td>\n",
       "    </tr>\n",
       "  </tbody>\n",
       "</table>\n",
       "</div>"
      ],
      "text/plain": [
       "            GP      Poss       PPP       PTS       FGM       FGA       FG%  \\\n",
       "GP         NaN       NaN       NaN       NaN       NaN       NaN       NaN   \n",
       "Poss       NaN  1.000000 -0.435676  0.967247  0.951118  0.990697 -0.297350   \n",
       "PPP        NaN -0.435676  1.000000 -0.195806 -0.170676 -0.415250  0.863955   \n",
       "PTS        NaN  0.967247 -0.195806  1.000000  0.990367  0.964765 -0.087201   \n",
       "FGM        NaN  0.951118 -0.170676  0.990367  1.000000  0.958450 -0.034571   \n",
       "FGA        NaN  0.990697 -0.415250  0.964765  0.958450  1.000000 -0.314146   \n",
       "FG%        NaN -0.297350  0.863955 -0.087201 -0.034571 -0.314146  1.000000   \n",
       "eFG%       NaN -0.297350  0.863955 -0.087201 -0.034571 -0.314146  1.000000   \n",
       "Percentile NaN -0.457988  0.945450 -0.233855 -0.198471 -0.430561  0.820913   \n",
       "Standing   NaN  0.027478  0.524332  0.187299  0.246897  0.076982  0.497978   \n",
       "\n",
       "                eFG%  Percentile  Standing  \n",
       "GP               NaN         NaN       NaN  \n",
       "Poss       -0.297350   -0.457988  0.027478  \n",
       "PPP         0.863955    0.945450  0.524332  \n",
       "PTS        -0.087201   -0.233855  0.187299  \n",
       "FGM        -0.034571   -0.198471  0.246897  \n",
       "FGA        -0.314146   -0.430561  0.076982  \n",
       "FG%         1.000000    0.820913  0.497978  \n",
       "eFG%        1.000000    0.820913  0.497978  \n",
       "Percentile  0.820913    1.000000  0.560021  \n",
       "Standing    0.497978    0.560021  1.000000  "
      ]
     },
     "execution_count": 78,
     "metadata": {},
     "output_type": "execute_result"
    }
   ],
   "source": [
    "Standing = pd.read_csv('NBA Standings.csv')\n",
    "team_cut = pd.read_csv('Team - Cut.csv')\n",
    "tc_joined = pd.merge(team_cut, Standing, on='Team', sort=True)\n",
    "tc_corr = pd.DataFrame(tc_joined, columns=['Team', 'GP', 'Poss', 'Freq', 'PPP', 'PTS', 'FGM', 'FGA', 'FG%', 'eFG%', 'FT Freq', 'TO Freq', 'SF Freq', 'And One Freq', 'Score Freq', 'Percentile', 'Standing' ])\n",
    "tc_corr.corr()"
   ]
  },
  {
   "cell_type": "code",
   "execution_count": 79,
   "metadata": {
    "collapsed": false
   },
   "outputs": [
    {
     "data": {
      "text/html": [
       "<table class=\"simpletable\">\n",
       "<caption>OLS Regression Results</caption>\n",
       "<tr>\n",
       "  <th>Dep. Variable:</th>            <td>y</td>        <th>  R-squared:         </th> <td>   0.558</td>\n",
       "</tr>\n",
       "<tr>\n",
       "  <th>Model:</th>                   <td>OLS</td>       <th>  Adj. R-squared:    </th> <td>   0.410</td>\n",
       "</tr>\n",
       "<tr>\n",
       "  <th>Method:</th>             <td>Least Squares</td>  <th>  F-statistic:       </th> <td>   3.784</td>\n",
       "</tr>\n",
       "<tr>\n",
       "  <th>Date:</th>             <td>Thu, 28 Apr 2016</td> <th>  Prob (F-statistic):</th>  <td>0.00827</td>\n",
       "</tr>\n",
       "<tr>\n",
       "  <th>Time:</th>                 <td>00:23:38</td>     <th>  Log-Likelihood:    </th> <td>  22.209</td>\n",
       "</tr>\n",
       "<tr>\n",
       "  <th>No. Observations:</th>      <td>    29</td>      <th>  AIC:               </th> <td>  -28.42</td>\n",
       "</tr>\n",
       "<tr>\n",
       "  <th>Df Residuals:</th>          <td>    21</td>      <th>  BIC:               </th> <td>  -17.48</td>\n",
       "</tr>\n",
       "<tr>\n",
       "  <th>Df Model:</th>              <td>     7</td>      <th>                     </th>     <td> </td>   \n",
       "</tr>\n",
       "<tr>\n",
       "  <th>Covariance Type:</th>      <td>nonrobust</td>    <th>                     </th>     <td> </td>   \n",
       "</tr>\n",
       "</table>\n",
       "<table class=\"simpletable\">\n",
       "<tr>\n",
       "      <td></td>         <th>coef</th>     <th>std err</th>      <th>t</th>      <th>P>|t|</th> <th>[95.0% Conf. Int.]</th> \n",
       "</tr>\n",
       "<tr>\n",
       "  <th>Intercept</th> <td>    0.0007</td> <td>    0.001</td> <td>    1.052</td> <td> 0.305</td> <td>   -0.001     0.002</td>\n",
       "</tr>\n",
       "<tr>\n",
       "  <th>X[0]</th>      <td>    0.0563</td> <td>    0.054</td> <td>    1.052</td> <td> 0.305</td> <td>   -0.055     0.168</td>\n",
       "</tr>\n",
       "<tr>\n",
       "  <th>X[1]</th>      <td>   -0.0044</td> <td>    0.011</td> <td>   -0.400</td> <td> 0.694</td> <td>   -0.027     0.019</td>\n",
       "</tr>\n",
       "<tr>\n",
       "  <th>X[2]</th>      <td>   -1.9044</td> <td>    6.147</td> <td>   -0.310</td> <td> 0.760</td> <td>  -14.689    10.880</td>\n",
       "</tr>\n",
       "<tr>\n",
       "  <th>X[3]</th>      <td>    0.0011</td> <td>    0.009</td> <td>    0.120</td> <td> 0.906</td> <td>   -0.018     0.021</td>\n",
       "</tr>\n",
       "<tr>\n",
       "  <th>X[4]</th>      <td>    0.0117</td> <td>    0.018</td> <td>    0.667</td> <td> 0.512</td> <td>   -0.025     0.048</td>\n",
       "</tr>\n",
       "<tr>\n",
       "  <th>X[5]</th>      <td>   -0.0033</td> <td>    0.011</td> <td>   -0.298</td> <td> 0.768</td> <td>   -0.026     0.020</td>\n",
       "</tr>\n",
       "<tr>\n",
       "  <th>X[6]</th>      <td>   -0.0166</td> <td>    0.044</td> <td>   -0.379</td> <td> 0.709</td> <td>   -0.108     0.074</td>\n",
       "</tr>\n",
       "<tr>\n",
       "  <th>X[7]</th>      <td>   -0.0166</td> <td>    0.044</td> <td>   -0.379</td> <td> 0.709</td> <td>   -0.108     0.074</td>\n",
       "</tr>\n",
       "<tr>\n",
       "  <th>X[8]</th>      <td>    0.0025</td> <td>    0.003</td> <td>    0.951</td> <td> 0.352</td> <td>   -0.003     0.008</td>\n",
       "</tr>\n",
       "</table>\n",
       "<table class=\"simpletable\">\n",
       "<tr>\n",
       "  <th>Omnibus:</th>       <td> 0.895</td> <th>  Durbin-Watson:     </th> <td>   2.244</td>\n",
       "</tr>\n",
       "<tr>\n",
       "  <th>Prob(Omnibus):</th> <td> 0.639</td> <th>  Jarque-Bera (JB):  </th> <td>   0.851</td>\n",
       "</tr>\n",
       "<tr>\n",
       "  <th>Skew:</th>          <td>-0.204</td> <th>  Prob(JB):          </th> <td>   0.653</td>\n",
       "</tr>\n",
       "<tr>\n",
       "  <th>Kurtosis:</th>      <td> 2.267</td> <th>  Cond. No.          </th> <td>2.94e+19</td>\n",
       "</tr>\n",
       "</table>"
      ],
      "text/plain": [
       "<class 'statsmodels.iolib.summary.Summary'>\n",
       "\"\"\"\n",
       "                            OLS Regression Results                            \n",
       "==============================================================================\n",
       "Dep. Variable:                      y   R-squared:                       0.558\n",
       "Model:                            OLS   Adj. R-squared:                  0.410\n",
       "Method:                 Least Squares   F-statistic:                     3.784\n",
       "Date:                Thu, 28 Apr 2016   Prob (F-statistic):            0.00827\n",
       "Time:                        00:23:38   Log-Likelihood:                 22.209\n",
       "No. Observations:                  29   AIC:                            -28.42\n",
       "Df Residuals:                      21   BIC:                            -17.48\n",
       "Df Model:                           7                                         \n",
       "Covariance Type:            nonrobust                                         \n",
       "==============================================================================\n",
       "                 coef    std err          t      P>|t|      [95.0% Conf. Int.]\n",
       "------------------------------------------------------------------------------\n",
       "Intercept      0.0007      0.001      1.052      0.305        -0.001     0.002\n",
       "X[0]           0.0563      0.054      1.052      0.305        -0.055     0.168\n",
       "X[1]          -0.0044      0.011     -0.400      0.694        -0.027     0.019\n",
       "X[2]          -1.9044      6.147     -0.310      0.760       -14.689    10.880\n",
       "X[3]           0.0011      0.009      0.120      0.906        -0.018     0.021\n",
       "X[4]           0.0117      0.018      0.667      0.512        -0.025     0.048\n",
       "X[5]          -0.0033      0.011     -0.298      0.768        -0.026     0.020\n",
       "X[6]          -0.0166      0.044     -0.379      0.709        -0.108     0.074\n",
       "X[7]          -0.0166      0.044     -0.379      0.709        -0.108     0.074\n",
       "X[8]           0.0025      0.003      0.951      0.352        -0.003     0.008\n",
       "==============================================================================\n",
       "Omnibus:                        0.895   Durbin-Watson:                   2.244\n",
       "Prob(Omnibus):                  0.639   Jarque-Bera (JB):                0.851\n",
       "Skew:                          -0.204   Prob(JB):                        0.653\n",
       "Kurtosis:                       2.267   Cond. No.                     2.94e+19\n",
       "==============================================================================\n",
       "\n",
       "Warnings:\n",
       "[1] Standard Errors assume that the covariance matrix of the errors is correctly specified.\n",
       "[2] The smallest eigenvalue is 5.51e-32. This might indicate that there are\n",
       "strong multicollinearity problems or that the design matrix is singular.\n",
       "\"\"\""
      ]
     },
     "execution_count": 79,
     "metadata": {},
     "output_type": "execute_result"
    }
   ],
   "source": [
    "# this is the standard import if you're using \"formula notation\" (similar to R)\n",
    "\n",
    "X = tc_joined[['GP', 'Poss', 'PPP', 'PTS', 'FGM', 'FGA', 'FG%', 'eFG%', 'Percentile']]\n",
    "y = tc_joined['Standing']\n",
    "\n",
    "# create a fitted model in one line\n",
    "#formula notiation is the equivalent to writting out our models such that 'outcome = predictor'\n",
    "#with the follwing syntax formula = 'outcome ~ predictor1 + predictor2 ... predictorN'\n",
    "lm = smf.ols(formula='y ~ X', data=tc_joined).fit()\n",
    "#print the full summary\n",
    "lm.summary()"
   ]
  },
  {
   "cell_type": "code",
   "execution_count": 61,
   "metadata": {
    "collapsed": false
   },
   "outputs": [
    {
     "data": {
      "text/html": [
       "<div>\n",
       "<table border=\"1\" class=\"dataframe\">\n",
       "  <thead>\n",
       "    <tr style=\"text-align: right;\">\n",
       "      <th></th>\n",
       "      <th>GP</th>\n",
       "      <th>Poss</th>\n",
       "      <th>PPP</th>\n",
       "      <th>PTS</th>\n",
       "      <th>FGM</th>\n",
       "      <th>FGA</th>\n",
       "      <th>FG%</th>\n",
       "      <th>eFG%</th>\n",
       "      <th>Percentile</th>\n",
       "      <th>Standing</th>\n",
       "    </tr>\n",
       "  </thead>\n",
       "  <tbody>\n",
       "    <tr>\n",
       "      <th>GP</th>\n",
       "      <td>NaN</td>\n",
       "      <td>NaN</td>\n",
       "      <td>NaN</td>\n",
       "      <td>NaN</td>\n",
       "      <td>NaN</td>\n",
       "      <td>NaN</td>\n",
       "      <td>NaN</td>\n",
       "      <td>NaN</td>\n",
       "      <td>NaN</td>\n",
       "      <td>NaN</td>\n",
       "    </tr>\n",
       "    <tr>\n",
       "      <th>Poss</th>\n",
       "      <td>NaN</td>\n",
       "      <td>1.000000</td>\n",
       "      <td>-0.038792</td>\n",
       "      <td>0.973501</td>\n",
       "      <td>0.969626</td>\n",
       "      <td>0.994247</td>\n",
       "      <td>-0.016962</td>\n",
       "      <td>-0.015782</td>\n",
       "      <td>0.009675</td>\n",
       "      <td>-0.175300</td>\n",
       "    </tr>\n",
       "    <tr>\n",
       "      <th>PPP</th>\n",
       "      <td>NaN</td>\n",
       "      <td>-0.038792</td>\n",
       "      <td>1.000000</td>\n",
       "      <td>0.183728</td>\n",
       "      <td>0.129929</td>\n",
       "      <td>-0.049216</td>\n",
       "      <td>0.759571</td>\n",
       "      <td>0.849933</td>\n",
       "      <td>0.894943</td>\n",
       "      <td>0.298476</td>\n",
       "    </tr>\n",
       "    <tr>\n",
       "      <th>PTS</th>\n",
       "      <td>NaN</td>\n",
       "      <td>0.973501</td>\n",
       "      <td>0.183728</td>\n",
       "      <td>1.000000</td>\n",
       "      <td>0.983919</td>\n",
       "      <td>0.965332</td>\n",
       "      <td>0.157308</td>\n",
       "      <td>0.174955</td>\n",
       "      <td>0.219558</td>\n",
       "      <td>-0.125951</td>\n",
       "    </tr>\n",
       "    <tr>\n",
       "      <th>FGM</th>\n",
       "      <td>NaN</td>\n",
       "      <td>0.969626</td>\n",
       "      <td>0.129929</td>\n",
       "      <td>0.983919</td>\n",
       "      <td>1.000000</td>\n",
       "      <td>0.969360</td>\n",
       "      <td>0.200514</td>\n",
       "      <td>0.166177</td>\n",
       "      <td>0.147265</td>\n",
       "      <td>-0.136843</td>\n",
       "    </tr>\n",
       "    <tr>\n",
       "      <th>FGA</th>\n",
       "      <td>NaN</td>\n",
       "      <td>0.994247</td>\n",
       "      <td>-0.049216</td>\n",
       "      <td>0.965332</td>\n",
       "      <td>0.969360</td>\n",
       "      <td>1.000000</td>\n",
       "      <td>-0.041933</td>\n",
       "      <td>-0.047336</td>\n",
       "      <td>0.005465</td>\n",
       "      <td>-0.173588</td>\n",
       "    </tr>\n",
       "    <tr>\n",
       "      <th>FG%</th>\n",
       "      <td>NaN</td>\n",
       "      <td>-0.016962</td>\n",
       "      <td>0.759571</td>\n",
       "      <td>0.157308</td>\n",
       "      <td>0.200514</td>\n",
       "      <td>-0.041933</td>\n",
       "      <td>1.000000</td>\n",
       "      <td>0.894028</td>\n",
       "      <td>0.568457</td>\n",
       "      <td>0.173137</td>\n",
       "    </tr>\n",
       "    <tr>\n",
       "      <th>eFG%</th>\n",
       "      <td>NaN</td>\n",
       "      <td>-0.015782</td>\n",
       "      <td>0.849933</td>\n",
       "      <td>0.174955</td>\n",
       "      <td>0.166177</td>\n",
       "      <td>-0.047336</td>\n",
       "      <td>0.894028</td>\n",
       "      <td>1.000000</td>\n",
       "      <td>0.716115</td>\n",
       "      <td>0.183931</td>\n",
       "    </tr>\n",
       "    <tr>\n",
       "      <th>Percentile</th>\n",
       "      <td>NaN</td>\n",
       "      <td>0.009675</td>\n",
       "      <td>0.894943</td>\n",
       "      <td>0.219558</td>\n",
       "      <td>0.147265</td>\n",
       "      <td>0.005465</td>\n",
       "      <td>0.568457</td>\n",
       "      <td>0.716115</td>\n",
       "      <td>1.000000</td>\n",
       "      <td>0.042782</td>\n",
       "    </tr>\n",
       "    <tr>\n",
       "      <th>Standing</th>\n",
       "      <td>NaN</td>\n",
       "      <td>-0.175300</td>\n",
       "      <td>0.298476</td>\n",
       "      <td>-0.125951</td>\n",
       "      <td>-0.136843</td>\n",
       "      <td>-0.173588</td>\n",
       "      <td>0.173137</td>\n",
       "      <td>0.183931</td>\n",
       "      <td>0.042782</td>\n",
       "      <td>1.000000</td>\n",
       "    </tr>\n",
       "  </tbody>\n",
       "</table>\n",
       "</div>"
      ],
      "text/plain": [
       "            GP      Poss       PPP       PTS       FGM       FGA       FG%  \\\n",
       "GP         NaN       NaN       NaN       NaN       NaN       NaN       NaN   \n",
       "Poss       NaN  1.000000 -0.038792  0.973501  0.969626  0.994247 -0.016962   \n",
       "PPP        NaN -0.038792  1.000000  0.183728  0.129929 -0.049216  0.759571   \n",
       "PTS        NaN  0.973501  0.183728  1.000000  0.983919  0.965332  0.157308   \n",
       "FGM        NaN  0.969626  0.129929  0.983919  1.000000  0.969360  0.200514   \n",
       "FGA        NaN  0.994247 -0.049216  0.965332  0.969360  1.000000 -0.041933   \n",
       "FG%        NaN -0.016962  0.759571  0.157308  0.200514 -0.041933  1.000000   \n",
       "eFG%       NaN -0.015782  0.849933  0.174955  0.166177 -0.047336  0.894028   \n",
       "Percentile NaN  0.009675  0.894943  0.219558  0.147265  0.005465  0.568457   \n",
       "Standing   NaN -0.175300  0.298476 -0.125951 -0.136843 -0.173588  0.173137   \n",
       "\n",
       "                eFG%  Percentile  Standing  \n",
       "GP               NaN         NaN       NaN  \n",
       "Poss       -0.015782    0.009675 -0.175300  \n",
       "PPP         0.849933    0.894943  0.298476  \n",
       "PTS         0.174955    0.219558 -0.125951  \n",
       "FGM         0.166177    0.147265 -0.136843  \n",
       "FGA        -0.047336    0.005465 -0.173588  \n",
       "FG%         0.894028    0.568457  0.173137  \n",
       "eFG%        1.000000    0.716115  0.183931  \n",
       "Percentile  0.716115    1.000000  0.042782  \n",
       "Standing    0.183931    0.042782  1.000000  "
      ]
     },
     "execution_count": 61,
     "metadata": {},
     "output_type": "execute_result"
    }
   ],
   "source": [
    "team_hand_off = pd.read_csv('Team - Hand Off.csv')\n",
    "tho_joined = pd.merge(team_hand_off, Standing, on='Team', sort=True)\n",
    "tho_corr = pd.DataFrame(tho_joined, columns=['Team', 'GP', 'Poss', 'Freq', 'PPP', 'PTS', 'FGM', 'FGA', 'FG%', 'eFG%', 'FT Freq', 'TO Freq', 'SF Freq', 'And One Freq', 'Score Freq', 'Percentile', 'Standing' ])\n",
    "tho_corr.corr()"
   ]
  },
  {
   "cell_type": "code",
   "execution_count": 80,
   "metadata": {
    "collapsed": false
   },
   "outputs": [
    {
     "data": {
      "text/html": [
       "<table class=\"simpletable\">\n",
       "<caption>OLS Regression Results</caption>\n",
       "<tr>\n",
       "  <th>Dep. Variable:</th>            <td>y</td>        <th>  R-squared:         </th> <td>   0.511</td>\n",
       "</tr>\n",
       "<tr>\n",
       "  <th>Model:</th>                   <td>OLS</td>       <th>  Adj. R-squared:    </th> <td>   0.315</td>\n",
       "</tr>\n",
       "<tr>\n",
       "  <th>Method:</th>             <td>Least Squares</td>  <th>  F-statistic:       </th> <td>   2.608</td>\n",
       "</tr>\n",
       "<tr>\n",
       "  <th>Date:</th>             <td>Thu, 28 Apr 2016</td> <th>  Prob (F-statistic):</th>  <td>0.0392</td> \n",
       "</tr>\n",
       "<tr>\n",
       "  <th>Time:</th>                 <td>00:24:07</td>     <th>  Log-Likelihood:    </th> <td>  20.738</td>\n",
       "</tr>\n",
       "<tr>\n",
       "  <th>No. Observations:</th>      <td>    29</td>      <th>  AIC:               </th> <td>  -23.48</td>\n",
       "</tr>\n",
       "<tr>\n",
       "  <th>Df Residuals:</th>          <td>    20</td>      <th>  BIC:               </th> <td>  -11.17</td>\n",
       "</tr>\n",
       "<tr>\n",
       "  <th>Df Model:</th>              <td>     8</td>      <th>                     </th>     <td> </td>   \n",
       "</tr>\n",
       "<tr>\n",
       "  <th>Covariance Type:</th>      <td>nonrobust</td>    <th>                     </th>     <td> </td>   \n",
       "</tr>\n",
       "</table>\n",
       "<table class=\"simpletable\">\n",
       "<tr>\n",
       "      <td></td>         <th>coef</th>     <th>std err</th>      <th>t</th>      <th>P>|t|</th> <th>[95.0% Conf. Int.]</th> \n",
       "</tr>\n",
       "<tr>\n",
       "  <th>Intercept</th> <td> -3.31e-05</td> <td>    0.000</td> <td>   -0.106</td> <td> 0.917</td> <td>   -0.001     0.001</td>\n",
       "</tr>\n",
       "<tr>\n",
       "  <th>X[0]</th>      <td>   -0.0027</td> <td>    0.026</td> <td>   -0.106</td> <td> 0.917</td> <td>   -0.056     0.051</td>\n",
       "</tr>\n",
       "<tr>\n",
       "  <th>X[1]</th>      <td>    0.0059</td> <td>    0.007</td> <td>    0.848</td> <td> 0.407</td> <td>   -0.009     0.020</td>\n",
       "</tr>\n",
       "<tr>\n",
       "  <th>X[2]</th>      <td>    8.1209</td> <td>    2.472</td> <td>    3.285</td> <td> 0.004</td> <td>    2.964    13.277</td>\n",
       "</tr>\n",
       "<tr>\n",
       "  <th>X[3]</th>      <td>   -0.0073</td> <td>    0.007</td> <td>   -0.999</td> <td> 0.330</td> <td>   -0.023     0.008</td>\n",
       "</tr>\n",
       "<tr>\n",
       "  <th>X[4]</th>      <td>    0.0408</td> <td>    0.024</td> <td>    1.671</td> <td> 0.110</td> <td>   -0.010     0.092</td>\n",
       "</tr>\n",
       "<tr>\n",
       "  <th>X[5]</th>      <td>   -0.0160</td> <td>    0.010</td> <td>   -1.547</td> <td> 0.137</td> <td>   -0.038     0.006</td>\n",
       "</tr>\n",
       "<tr>\n",
       "  <th>X[6]</th>      <td>   -0.1471</td> <td>    0.078</td> <td>   -1.896</td> <td> 0.072</td> <td>   -0.309     0.015</td>\n",
       "</tr>\n",
       "<tr>\n",
       "  <th>X[7]</th>      <td>    0.0010</td> <td>    0.022</td> <td>    0.046</td> <td> 0.964</td> <td>   -0.046     0.048</td>\n",
       "</tr>\n",
       "<tr>\n",
       "  <th>X[8]</th>      <td>   -0.0089</td> <td>    0.003</td> <td>   -3.134</td> <td> 0.005</td> <td>   -0.015    -0.003</td>\n",
       "</tr>\n",
       "</table>\n",
       "<table class=\"simpletable\">\n",
       "<tr>\n",
       "  <th>Omnibus:</th>       <td> 0.475</td> <th>  Durbin-Watson:     </th> <td>   2.265</td>\n",
       "</tr>\n",
       "<tr>\n",
       "  <th>Prob(Omnibus):</th> <td> 0.788</td> <th>  Jarque-Bera (JB):  </th> <td>   0.590</td>\n",
       "</tr>\n",
       "<tr>\n",
       "  <th>Skew:</th>          <td>-0.246</td> <th>  Prob(JB):          </th> <td>   0.745</td>\n",
       "</tr>\n",
       "<tr>\n",
       "  <th>Kurtosis:</th>      <td> 2.505</td> <th>  Cond. No.          </th> <td>3.66e+18</td>\n",
       "</tr>\n",
       "</table>"
      ],
      "text/plain": [
       "<class 'statsmodels.iolib.summary.Summary'>\n",
       "\"\"\"\n",
       "                            OLS Regression Results                            \n",
       "==============================================================================\n",
       "Dep. Variable:                      y   R-squared:                       0.511\n",
       "Model:                            OLS   Adj. R-squared:                  0.315\n",
       "Method:                 Least Squares   F-statistic:                     2.608\n",
       "Date:                Thu, 28 Apr 2016   Prob (F-statistic):             0.0392\n",
       "Time:                        00:24:07   Log-Likelihood:                 20.738\n",
       "No. Observations:                  29   AIC:                            -23.48\n",
       "Df Residuals:                      20   BIC:                            -11.17\n",
       "Df Model:                           8                                         \n",
       "Covariance Type:            nonrobust                                         \n",
       "==============================================================================\n",
       "                 coef    std err          t      P>|t|      [95.0% Conf. Int.]\n",
       "------------------------------------------------------------------------------\n",
       "Intercept   -3.31e-05      0.000     -0.106      0.917        -0.001     0.001\n",
       "X[0]          -0.0027      0.026     -0.106      0.917        -0.056     0.051\n",
       "X[1]           0.0059      0.007      0.848      0.407        -0.009     0.020\n",
       "X[2]           8.1209      2.472      3.285      0.004         2.964    13.277\n",
       "X[3]          -0.0073      0.007     -0.999      0.330        -0.023     0.008\n",
       "X[4]           0.0408      0.024      1.671      0.110        -0.010     0.092\n",
       "X[5]          -0.0160      0.010     -1.547      0.137        -0.038     0.006\n",
       "X[6]          -0.1471      0.078     -1.896      0.072        -0.309     0.015\n",
       "X[7]           0.0010      0.022      0.046      0.964        -0.046     0.048\n",
       "X[8]          -0.0089      0.003     -3.134      0.005        -0.015    -0.003\n",
       "==============================================================================\n",
       "Omnibus:                        0.475   Durbin-Watson:                   2.265\n",
       "Prob(Omnibus):                  0.788   Jarque-Bera (JB):                0.590\n",
       "Skew:                          -0.246   Prob(JB):                        0.745\n",
       "Kurtosis:                       2.505   Cond. No.                     3.66e+18\n",
       "==============================================================================\n",
       "\n",
       "Warnings:\n",
       "[1] Standard Errors assume that the covariance matrix of the errors is correctly specified.\n",
       "[2] The smallest eigenvalue is 8.23e-31. This might indicate that there are\n",
       "strong multicollinearity problems or that the design matrix is singular.\n",
       "\"\"\""
      ]
     },
     "execution_count": 80,
     "metadata": {},
     "output_type": "execute_result"
    }
   ],
   "source": [
    "X = tho_joined[['GP', 'Poss', 'PPP', 'PTS', 'FGM', 'FGA', 'FG%', 'eFG%', 'Percentile']]\n",
    "y = tho_joined['Standing']\n",
    "\n",
    "# create a fitted model in one line\n",
    "#formula notiation is the equivalent to writting out our models such that 'outcome = predictor'\n",
    "#with the follwing syntax formula = 'outcome ~ predictor1 + predictor2 ... predictorN'\n",
    "lm = smf.ols(formula='y ~ X', data=tho_joined).fit()\n",
    "#print the full summary\n",
    "lm.summary()"
   ]
  },
  {
   "cell_type": "code",
   "execution_count": 62,
   "metadata": {
    "collapsed": false
   },
   "outputs": [
    {
     "data": {
      "text/html": [
       "<div>\n",
       "<table border=\"1\" class=\"dataframe\">\n",
       "  <thead>\n",
       "    <tr style=\"text-align: right;\">\n",
       "      <th></th>\n",
       "      <th>GP</th>\n",
       "      <th>Poss</th>\n",
       "      <th>PPP</th>\n",
       "      <th>PTS</th>\n",
       "      <th>FGM</th>\n",
       "      <th>FGA</th>\n",
       "      <th>FG%</th>\n",
       "      <th>eFG%</th>\n",
       "      <th>Percentile</th>\n",
       "      <th>Standing</th>\n",
       "    </tr>\n",
       "  </thead>\n",
       "  <tbody>\n",
       "    <tr>\n",
       "      <th>GP</th>\n",
       "      <td>NaN</td>\n",
       "      <td>NaN</td>\n",
       "      <td>NaN</td>\n",
       "      <td>NaN</td>\n",
       "      <td>NaN</td>\n",
       "      <td>NaN</td>\n",
       "      <td>NaN</td>\n",
       "      <td>NaN</td>\n",
       "      <td>NaN</td>\n",
       "      <td>NaN</td>\n",
       "    </tr>\n",
       "    <tr>\n",
       "      <th>Poss</th>\n",
       "      <td>NaN</td>\n",
       "      <td>1.000000</td>\n",
       "      <td>0.039819</td>\n",
       "      <td>0.945400</td>\n",
       "      <td>0.902579</td>\n",
       "      <td>0.989256</td>\n",
       "      <td>-0.174912</td>\n",
       "      <td>-0.102173</td>\n",
       "      <td>-0.009943</td>\n",
       "      <td>-0.285738</td>\n",
       "    </tr>\n",
       "    <tr>\n",
       "      <th>PPP</th>\n",
       "      <td>NaN</td>\n",
       "      <td>0.039819</td>\n",
       "      <td>1.000000</td>\n",
       "      <td>0.356369</td>\n",
       "      <td>0.406052</td>\n",
       "      <td>0.065923</td>\n",
       "      <td>0.866593</td>\n",
       "      <td>0.912738</td>\n",
       "      <td>0.986215</td>\n",
       "      <td>0.477939</td>\n",
       "    </tr>\n",
       "    <tr>\n",
       "      <th>PTS</th>\n",
       "      <td>NaN</td>\n",
       "      <td>0.945400</td>\n",
       "      <td>0.356369</td>\n",
       "      <td>1.000000</td>\n",
       "      <td>0.975223</td>\n",
       "      <td>0.945776</td>\n",
       "      <td>0.103953</td>\n",
       "      <td>0.189025</td>\n",
       "      <td>0.307045</td>\n",
       "      <td>-0.100443</td>\n",
       "    </tr>\n",
       "    <tr>\n",
       "      <th>FGM</th>\n",
       "      <td>NaN</td>\n",
       "      <td>0.902579</td>\n",
       "      <td>0.406052</td>\n",
       "      <td>0.975223</td>\n",
       "      <td>1.000000</td>\n",
       "      <td>0.917241</td>\n",
       "      <td>0.226495</td>\n",
       "      <td>0.277021</td>\n",
       "      <td>0.345958</td>\n",
       "      <td>-0.049115</td>\n",
       "    </tr>\n",
       "    <tr>\n",
       "      <th>FGA</th>\n",
       "      <td>NaN</td>\n",
       "      <td>0.989256</td>\n",
       "      <td>0.065923</td>\n",
       "      <td>0.945776</td>\n",
       "      <td>0.917241</td>\n",
       "      <td>1.000000</td>\n",
       "      <td>-0.167600</td>\n",
       "      <td>-0.097473</td>\n",
       "      <td>0.014578</td>\n",
       "      <td>-0.249543</td>\n",
       "    </tr>\n",
       "    <tr>\n",
       "      <th>FG%</th>\n",
       "      <td>NaN</td>\n",
       "      <td>-0.174912</td>\n",
       "      <td>0.866593</td>\n",
       "      <td>0.103953</td>\n",
       "      <td>0.226495</td>\n",
       "      <td>-0.167600</td>\n",
       "      <td>1.000000</td>\n",
       "      <td>0.957506</td>\n",
       "      <td>0.838567</td>\n",
       "      <td>0.470457</td>\n",
       "    </tr>\n",
       "    <tr>\n",
       "      <th>eFG%</th>\n",
       "      <td>NaN</td>\n",
       "      <td>-0.102173</td>\n",
       "      <td>0.912738</td>\n",
       "      <td>0.189025</td>\n",
       "      <td>0.277021</td>\n",
       "      <td>-0.097473</td>\n",
       "      <td>0.957506</td>\n",
       "      <td>1.000000</td>\n",
       "      <td>0.886510</td>\n",
       "      <td>0.468138</td>\n",
       "    </tr>\n",
       "    <tr>\n",
       "      <th>Percentile</th>\n",
       "      <td>NaN</td>\n",
       "      <td>-0.009943</td>\n",
       "      <td>0.986215</td>\n",
       "      <td>0.307045</td>\n",
       "      <td>0.345958</td>\n",
       "      <td>0.014578</td>\n",
       "      <td>0.838567</td>\n",
       "      <td>0.886510</td>\n",
       "      <td>1.000000</td>\n",
       "      <td>0.453947</td>\n",
       "    </tr>\n",
       "    <tr>\n",
       "      <th>Standing</th>\n",
       "      <td>NaN</td>\n",
       "      <td>-0.285738</td>\n",
       "      <td>0.477939</td>\n",
       "      <td>-0.100443</td>\n",
       "      <td>-0.049115</td>\n",
       "      <td>-0.249543</td>\n",
       "      <td>0.470457</td>\n",
       "      <td>0.468138</td>\n",
       "      <td>0.453947</td>\n",
       "      <td>1.000000</td>\n",
       "    </tr>\n",
       "  </tbody>\n",
       "</table>\n",
       "</div>"
      ],
      "text/plain": [
       "            GP      Poss       PPP       PTS       FGM       FGA       FG%  \\\n",
       "GP         NaN       NaN       NaN       NaN       NaN       NaN       NaN   \n",
       "Poss       NaN  1.000000  0.039819  0.945400  0.902579  0.989256 -0.174912   \n",
       "PPP        NaN  0.039819  1.000000  0.356369  0.406052  0.065923  0.866593   \n",
       "PTS        NaN  0.945400  0.356369  1.000000  0.975223  0.945776  0.103953   \n",
       "FGM        NaN  0.902579  0.406052  0.975223  1.000000  0.917241  0.226495   \n",
       "FGA        NaN  0.989256  0.065923  0.945776  0.917241  1.000000 -0.167600   \n",
       "FG%        NaN -0.174912  0.866593  0.103953  0.226495 -0.167600  1.000000   \n",
       "eFG%       NaN -0.102173  0.912738  0.189025  0.277021 -0.097473  0.957506   \n",
       "Percentile NaN -0.009943  0.986215  0.307045  0.345958  0.014578  0.838567   \n",
       "Standing   NaN -0.285738  0.477939 -0.100443 -0.049115 -0.249543  0.470457   \n",
       "\n",
       "                eFG%  Percentile  Standing  \n",
       "GP               NaN         NaN       NaN  \n",
       "Poss       -0.102173   -0.009943 -0.285738  \n",
       "PPP         0.912738    0.986215  0.477939  \n",
       "PTS         0.189025    0.307045 -0.100443  \n",
       "FGM         0.277021    0.345958 -0.049115  \n",
       "FGA        -0.097473    0.014578 -0.249543  \n",
       "FG%         0.957506    0.838567  0.470457  \n",
       "eFG%        1.000000    0.886510  0.468138  \n",
       "Percentile  0.886510    1.000000  0.453947  \n",
       "Standing    0.468138    0.453947  1.000000  "
      ]
     },
     "execution_count": 62,
     "metadata": {},
     "output_type": "execute_result"
    }
   ],
   "source": [
    "team_isolations = pd.read_csv('Team - Isolations.csv')\n",
    "ti_joined = pd.merge(team_isolations, Standing, on='Team', sort=True)\n",
    "ti_corr = pd.DataFrame(ti_joined, columns=['Team', 'GP', 'Poss', 'Freq', 'PPP', 'PTS', 'FGM', 'FGA', 'FG%', 'eFG%', 'FT Freq', 'TO Freq', 'SF Freq', 'And One Freq', 'Score Freq', 'Percentile', 'Standing' ])\n",
    "ti_corr.corr()"
   ]
  },
  {
   "cell_type": "code",
   "execution_count": 81,
   "metadata": {
    "collapsed": false
   },
   "outputs": [
    {
     "data": {
      "text/html": [
       "<table class=\"simpletable\">\n",
       "<caption>OLS Regression Results</caption>\n",
       "<tr>\n",
       "  <th>Dep. Variable:</th>            <td>y</td>        <th>  R-squared:         </th> <td>   0.436</td>\n",
       "</tr>\n",
       "<tr>\n",
       "  <th>Model:</th>                   <td>OLS</td>       <th>  Adj. R-squared:    </th> <td>   0.211</td>\n",
       "</tr>\n",
       "<tr>\n",
       "  <th>Method:</th>             <td>Least Squares</td>  <th>  F-statistic:       </th> <td>   1.936</td>\n",
       "</tr>\n",
       "<tr>\n",
       "  <th>Date:</th>             <td>Thu, 28 Apr 2016</td> <th>  Prob (F-statistic):</th>  <td> 0.110</td> \n",
       "</tr>\n",
       "<tr>\n",
       "  <th>Time:</th>                 <td>00:26:10</td>     <th>  Log-Likelihood:    </th> <td>  18.694</td>\n",
       "</tr>\n",
       "<tr>\n",
       "  <th>No. Observations:</th>      <td>    29</td>      <th>  AIC:               </th> <td>  -19.39</td>\n",
       "</tr>\n",
       "<tr>\n",
       "  <th>Df Residuals:</th>          <td>    20</td>      <th>  BIC:               </th> <td>  -7.082</td>\n",
       "</tr>\n",
       "<tr>\n",
       "  <th>Df Model:</th>              <td>     8</td>      <th>                     </th>     <td> </td>   \n",
       "</tr>\n",
       "<tr>\n",
       "  <th>Covariance Type:</th>      <td>nonrobust</td>    <th>                     </th>     <td> </td>   \n",
       "</tr>\n",
       "</table>\n",
